0.0 0.0 0.0
0.0 0.0 0.0
0.0 0.0 -73.38790987287442
0.0 0.0 0.0
-9.96 -11.777999999999999 -12.239999999999998
-17.082 -21.06 -70.42871894967806
0.0 -13.26 -8.4
0.0 0.0 -10.33848
-7.199999999999999 -7.199999999999999 0.0
0.0 0.0 -16.41541293750533
0.0 0.0 0.0
0.0 0.0 119.2581184904826
0.0 0.0 0.0
0.0 0.0 0.0
0.0 0.0 0.0
0.0 0.0 0.0
0.0 0.0 0.0
0.0 0.0 0.0
0.0 0.0 0.0
0.0 0.0 0.0
0.0 0.0 0.0
0.0 0.0 0.0
0.0 0.0 0.0
0.0 0.0 0.0
0.0 0.0 0.0
0.0 0.0 0.0
0.0 0.0 0.0
0.0 0.0 0.0
0.0 0.0 0.0
0.0 0.0 0.0
0.0 0.0 0.0
0.0 0.0 0.0
0.0 0.0 0.0
0.0 0.0 0.0
0.0 0.0 0.0
0.0 0.0 0.0
0.0 0.0 0.0
0.0 0.0 0.0
0.0 0.0 0.0
0.0 0.0 0.0
0.0 0.0 0.0
0.0 0.0 0.0
0.0 0.0 0.0
0.0 0.0 0.0
-1.7999999999999998 -1.7999999999999998 -61.165716
-1.7999999999999998 0.0 0.0
0.0 0.0 7.00521492811849
0.0 0.0 131.9632437536375
-2.04 221.15088467597448 -3.942
4.004956435933874 -2.04 819.2238303199547
0.0 0.0 431.54197540854585
0.0 -1.56 -9.772842371851953
2029.4484373173905 121.1784866168665 282.7543823402791
1043.1503103183961 329.78830142038856 375.6922908993746
493.31005287667006 393.1721971101893 1464.8233978775615
283.3937688287249 1067.464910407829 2310.72415700753
0.0 0.0 0.0
0.0 0.0 0.0
0.0 0.0 0.0
0.0 0.0 0.0
0.0 0.0 0.0
0.0 0.0 0.0
0.0 0.0 0.0
0.0 0.0 0.0
0.0 0.0 0.0
0.0 0.0 0.0
0.0 0.0 0.0
0.0 0.0 0.0
-17.279999999999998 6.033864563492738 -82.77027704077517
-31.44042 -35.29759675812778 27.787883657408198
0.0 -7.199999999999999 -153.2540807935746
0.0 -13.657809736394414 -11.20124508
-58.36393119000195 -119.19059088519845 323.48340615964935
-42.541236111702425 -39.308457386300795 -38.68430368218
-37.16058110427792 -51.4839996877294 -72.13221757342698
132.51636545309307 -68.38456028944364 -86.81236305826076
-81.34758679197537 -72.81965853217707 -81.24805199242746
-70.39155020904128 642.6716447337762 -45.309599293843355
-66.96925661906022 -85.53368242445804 757.5052519812342
-72.60255449029427 -71.27738324386668 -84.31668217003296
-168.88045362937456 -149.21548568800657 352.23931734726426
-162.3670210410456 -164.3440283727075 347.0722799032336
-153.80959264214522 -84.05591688625852 -212.4506944971677
-155.01819361587997 -162.23122381733913 102.80616931019026
1387.4091131414477 978.8966911811582 1492.1587786964521
1203.3755138872546 751.8800502393027 121.98247697445535
1351.322802954563 740.53202608254 836.7122471612759
1088.8931922153579 1378.4545011004036 1508.792156575237
1535.4313077881184 1453.9662194815278 1545.265969403799
1443.29765905783 670.0979343761721 1130.2201109349671
1077.0842975145179 1518.2295458390863 522.6480395602418
1413.446403455905 1609.2824363666164 1395.4611668061432
1954.5235167369415 1705.7651500832335 800.8965776262696
1596.0568278484716 1735.765574260434 1601.7838079239611
1606.155899991482 1847.9854294161617 1316.7225870240577
1904.3042379231576 1791.098368367974 2075.625244174712
